Time per iteration (seconds):
0.024873
0.021477
0.021483
0.019646
0.019766
0.020332
0.021433
0.024357
0.020744
0.020194
0.019551
0.020492
0.020184
0.020354
0.020496
0.019219
0.019642
0.019497
0.021196
0.020468
0.020096
0.020377
0.020668
0.020567
0.023129
0.019455
0.020002
0.021151
0.020853
0.020772
0.020317
0.020631
0.020612
0.021130
0.021272
0.020944
0.019948
0.019488
0.020493
0.019774
0.020753
0.019932
0.020963
0.020234
0.021219
0.021247
0.020804
0.020370
0.021399
0.020281
0.019813
0.020974
0.019968
0.021195
0.020600
0.020213
0.025179
0.021257
0.022045
0.021363
0.020084
0.022478
0.021107
0.019358
0.020642
0.022342
0.020811
0.020420
0.020693
0.020735
0.020777
0.021230
0.019142
0.027880
0.022042
0.021772
0.021302
0.020043
0.022171
0.020543
0.020803
0.019761
0.019843
0.020849
0.019446
0.021646
0.021896
0.020336
0.020471
0.022242
0.019928
0.021639
0.019877
0.020358
0.020730
0.020819
0.020910
0.020576
0.021995
0.020425
0.020509
0.020446
0.021073
0.020403
0.020543
0.020163
0.020110
0.021454
0.020880
0.019724
0.025187
0.021325
0.020162
0.020977
0.021298
0.021315
0.020403
0.020571
0.021923
0.020673
0.021014
0.021349
0.019368
0.020703
0.020978
0.021364
0.020430
0.020530
0.021050
0.020159
0.021153
0.019735
0.020560
0.019455
0.019434
0.019764
0.020997
0.020272
0.020675
0.021023
0.019584
0.018995
0.019074
0.019679
0.021445
0.022870
0.024525
0.022669
0.021098
0.020441
0.020375
0.021157
0.021606
0.020596
0.020828
0.021085
0.019761
0.021442
0.019739
0.020069
0.021347
0.025793
0.021803
0.019876
0.019634
0.021191
0.019618
0.019713
0.021478
0.020083
0.020151
0.021188
0.021050
0.021127
0.021854
0.020417
0.020082
0.020566
0.020410
0.020574
0.021001
0.022009
0.022353
0.020615
0.020638
0.020940
0.020542
0.019791
0.019577
0.020248
0.020407
0.020665
0.019847
0.019722
0.020945
0.019508
0.021973
0.022185
0.020203
0.020447
0.019548
0.021168
0.021368
0.020123
0.020296
0.020600
0.020196
0.019996
0.021326
0.020400
0.021271
0.020841
0.020129
0.021351
0.023683
0.020893
0.021186
0.020192
0.020658
0.021640
0.019369
0.021737
0.020886
0.020507
0.020133
0.021628
0.019720
0.019891
0.020133
0.019921
0.020512
0.019943
0.020910
0.020511
0.020256
0.021351
0.019396
0.018955
0.020736
0.019714
0.019998
0.021760
0.019899
0.019970
0.020284
0.020115
0.019477
0.019490
0.022446
0.021129
